1619097934
57.68856
11.97925
1

1619097934
57.68856
11.97925
1

1619097935
57.68856
11.97927
1

1619097936
57.68858
11.97928
1

1619097936
57.68858
11.97928
1

1619097938
57.68858
11.97931
1

1619097938
57.68858
11.97931
1

1619097939
57.68858
11.97932
1

1619097940
57.68858
11.97933
1

1619097941
57.68858
11.97933
1

1619097941
57.68858
11.97933
1

1619097942
57.68858
11.97935
1

1619097942
57.68858
11.97935
1

1619097944
57.68858
11.97938
1

1619097944
57.68858
11.97938
1

1619097945
57.68857
11.97940
1

1619097945
57.68857
11.97940
1

1619097946
57.68857
11.97943
1

1619097946
57.68857
11.97943
1

1619097947
57.68857
11.97945
1

1619097948
57.68857
11.97948
1

1619097948
57.68858
11.97949
1

1619097948
57.68858
11.97949
1

1619097948
57.68858
11.97949
1

1619097950
57.68857
11.97953
1

1619097951
57.68857
11.97955
1

1619097951
57.68857
11.97955
1

1619097952
57.68858
11.97957
1

1619097952
57.68858
11.97957
1

1619097953
57.68858
11.97959
1

1619097954
57.68859
11.97960
1

1619097954
57.68859
11.97960
1

1619097954
57.68859
11.97960
1

1619097954
57.68859
11.97960
1

1619097956
57.68860
11.97963
1

1619097957
57.68860
11.97965
1

1619097957
57.68860
11.97965
1

1619097958
57.68860
11.97966
1

1619097958
57.68860
11.97966
1

1619097959
57.68859
11.97968
1

1619097959
57.68859
11.97968
1

1619097960
57.68858
11.97969
1

1619097960
57.68858
11.97969
1

1619097960
57.68858
11.97969
1

1619097962
57.68857
11.97972
1

1619097962
57.68857
11.97972
1

1619097963
57.68857
11.97974
1

1619097963
57.68857
11.97974
1

1619097964
57.68858
11.97974
1

1619097965
57.68858
11.97974
1

1619097965
57.68858
11.97974
1

1619097966
57.68859
11.97974
1

1619097966
57.68859
11.97974
1

1619097966
57.68859
11.97974
1

1619097966
57.68859
11.97974
1

1619097968
57.68862
11.97974
1

1619097968
57.68862
11.97974
1

1619097969
57.68862
11.97975
1

1619097970
57.68862
11.97977
1

1619097970
57.68862
11.97977
1

1619097971
57.68861
11.97978
1

1619097971
57.68861
11.97978
1

1619097972
57.68861
11.97978
1

1619097972
57.68861
11.97979
1

1619097972
57.68861
11.97979
1
R

1619097972
57.68861
11.97979
1

1619097974
57.68859
11.97981
1

1619097975
57.68859
11.97983
1

1619097975
57.68859
11.97983
1

1619097976
57.68860
11.97987
1

1619097976
57.68860
11.97987
1

1619097977
57.68860
11.97989
1

1619097977
57.68860
11.97989
1

1619097978
57.68859
11.97991
1

1619097978
57.68859
11.97991
1

1619097978
57.68859
11.97991
1

1619097980
57.68858
11.97994
1

1619097980
57.68858
11.97994
1

1619097981
57.68858
11.97996
1

1619097981
57.68858
11.97996
1

1619097982
57.68856
11.97997
1

1619097982
57.68856
11.97997
1

1619097983
57.68856
11.97999
1
R

1619097984
57.68855
11.98002
1

1619097984
57.68855
11.98002
1

1619097984
57.68855
11.98002
1

1619097984
57.68855
11.98002
1

1619097986
57.68853
11.98006
1

1619097986
57.68853
11.98006
1

1619097987
57.68852
11.98009
1

1619097987
57.68852
11.98009
1

1619097988
57.68850
11.98011
1

1619097989
57.68850
11.98013
1

1619097989
57.68850
11.98013
1

1619097990
57.68848
11.98014
1

1619097990
57.68848
11.98015
1

1619097990
57.68848
11.98015
1

1619097990
57.68848
11.98015
1

1619097992
57.68847
11.98017
1

1619097992
57.68847
11.98017
1

1619097993
57.68845
11.98018
1

1619097994
57.68843
11.98019
1

1619097994
57.68843
11.98019
1

1619097995
57.68842
11.98021
1

1619097995
57.68842
11.98021
1

1619097996
57.68841
11.98022
1

1619097996
57.68839
11.98021
1

1619097996
57.68839
11.98021
1

1619097996
57.68839
11.98021
1

1619097998
57.68834
11.98022
1

1619097999
57.68832
11.98022
1

1619097999
57.68832
11.98022
1

1619098000
57.68830
11.98023
1

1619098000
57.68830
11.98023
1

1619098001
57.68829
11.98024
1

1619098001
57.68829
11.98024
1

1619098002
57.68826
11.98023
1

1619098002
57.68826
11.98023
1

1619098002
57.68826
11.98023
1

1619098004
57.68822
11.98024
1

1619098004
57.68822
11.98024
1

1619098005
57.68822
11.98025
1

1619098005
57.68822
11.98025
1

1619098006
57.68822
11.98026
1

1619098006
57.68822
11.98026
1

1619098007
57.68821
11.98028
1

1619098007
57.68821
11.98028
1

1619098008
57.68819
11.98029
1

1619098008
57.68819
11.98029
1

1619098008
57.68819
11.98029
1

1619098010
57.68817
11.98032
1

1619098010
57.68817
11.98032
1

1619098011
57.68815
11.98033
1

1619098011
57.68815
11.98033
1

1619098012
57.68814
11.98034
1

1619098012
57.68814
11.98034
1

1619098013
57.68813
11.98037
1

1619098013
57.68813
11.98037
1

1619098014
57.68812
11.98039
1

1619098014
57.68812
11.98039
1

1619098014
57.68812
11.98039
1

1619098016
57.68810
11.98041
1

1619098016
57.68810
11.98041
1

1619098017
57.68809
11.98044
1

1619098017
57.68809
11.98044
1

1619098018
57.68808
11.98046
1

1619098018
57.68808
11.98046
1

1619098019
57.68807
11.98048
3

1619098019
57.68807
11.98048
3

1619098020
57.68805
11.98048
3

1619098020
57.68805
11.98048
3

1619098020
57.68805
11.98048
3

1619098022
57.68803
11.98050
3

1619098022
57.68803
11.98050
3

1619098023
57.68802
11.98052
3

1619098023
57.68802
11.98052
3

1619098024
57.68801
11.98053
3

1619098024
57.68801
11.98053
3

1619098025
57.68800
11.98055
3

1619098026
57.68798
11.98056
3

1619098026
57.68798
11.98055
3

1619098026
57.68798
11.98055
3

1619098026
57.68798
11.98055
3

1619098028
57.68796
11.98057
3

1619098028
57.68796
11.98057
3

1619098029
57.68795
11.98059
3

1619098029
57.68795
11.98059
3

1619098030
57.68793
11.98059
3

1619098031
57.68791
11.98061
3

1619098031
57.68791
11.98061
3

1619098032
57.68790
11.98062
3

1619098032
57.68790
11.98062
3

1619098032
57.68790
11.98062
3

1619098032
57.68790
11.98062
3

1619098034
57.68788
11.98065
3

1619098034
57.68788
11.98065
3

1619098035
57.68787
11.98067
3

1619098035
57.68787
11.98067
3

1619098036
57.68785
11.98067
3

1619098037
57.68784
11.98068
3

1619098037
57.68784
11.98068
3

1619098038
57.68782
11.98069
3

1619098038
57.68782
11.98069
3

1619098038
57.68782
11.98069
3

1619098038
57.68782
11.98069
3

1619098040
57.68781
11.98071
3

1619098040
57.68781
11.98071
3

1619098041
57.68779
11.98072
3

1619098042
57.68777
11.98073
3

1619098042
57.68777
11.98073
3

1619098043
57.68775
11.98073
3

1619098043
57.68775
11.98073
3

1619098044
57.68774
11.98075
3

1619098044
57.68775
11.98075
3

1619098044
57.68775
11.98075
3

1619098046
57.68773
11.98078
3

1619098046
57.68773
11.98078
3

1619098047
57.68771
11.98079
3

1619098047
57.68771
11.98079
3

1619098048
57.68769
11.98080
3

1619098048
57.68769
11.98080
3

1619098049
57.68768
11.98081
3

1619098050
57.68767
11.98082
3

1619098050
57.68767
11.98082
3

1619098051
57.68766
11.98083
3

1619098051
57.68766
11.98083
3

1619098052
57.68764
11.98083
3

1619098052
57.68764
11.98083
3

1619098053
57.68764
11.98084
3

1619098053
57.68764
11.98084
3

1619098054
57.68762
11.98085
3

1619098055
57.68761
11.98084
3

1619098055
57.68761
11.98084
3

1619098056
57.68759
11.98084
3

1619098056
57.68759
11.98084
3

1619098057
57.68756
11.98083
3

1619098057
57.68756
11.98083
3

1619098058
57.68755
11.98082
3

1619098058
57.68755
11.98082
3

1619098059
57.68753
11.98082
3

1619098059
57.68753
11.98082
3

1619098060
57.68752
11.98083
3

1619098061
57.68751
11.98084
3

1619098061
57.68751
11.98084
3

1619098062
57.68749
11.98084
3

1619098062
57.68749
11.98084
3

1619098063
57.68747
11.98083
3

1619098063
57.68747
11.98083
3

1619098064
57.68746
11.98084
3

1619098064
57.68746
11.98084
3

1619098065
57.68744
11.98085
3

1619098065
57.68744
11.98085
3

1619098066
57.68742
11.98086
3

1619098066
57.68742
11.98086
3

1619098067
57.68740
11.98087
3

1619098068
57.68739
11.98088
3

1619098068
57.68739
11.98088
3

1619098069
57.68740
11.98092
3

1619098069
57.68740
11.98092
3

1619098070
57.68740
11.98096
3

1619098071
57.68739
11.98097
3

1619098071
57.68739
11.98097
3

1619098072
57.68738
11.98098
3

1619098072
57.68738
11.98098
3

1619098073
57.68737
11.98098
3

1619098073
57.68737
11.98098
3

1619098074
57.68736
11.98099
3

1619098074
57.68736
11.98099
3

1619098075
57.68735
11.98098
1

1619098076
57.68733
11.98098
1

1619098076
57.68733
11.98098
1

1619098077
57.68732
11.98097
1

1619098077
57.68732
11.98097
1

1619098078
57.68731
11.98096
1

1619098078
57.68731
11.98096
1
L

1619098079
57.68731
11.98096
1

1619098079
57.68731
11.98096
1

1619098080
57.68731
11.98095
1

1619098081
57.68730
11.98095
1

1619098081
57.68730
11.98095
1

1619098082
57.68730
11.98095
1

1619098082
57.68730
11.98095
1

1619098083
57.68730
11.98094
1

1619098083
57.68730
11.98094
1

1619098084
57.68730
11.98094
1

1619098084
57.68730
11.98094
1

1619098085
57.68729
11.98094
1

1619098086
57.68728
11.98092
1

1619098086
57.68728
11.98092
1

1619098087
57.68726
11.98091
1

1619098087
57.68726
11.98091
1

1619098088
57.68725
11.98090
1

1619098088
57.68725
11.98090
1

1619098089
57.68724
11.98087
1

1619098090
57.68723
11.98085
1

1619098090
57.68723
11.98085
1

1619098091
57.68722
11.98082
1

1619098091
57.68722
11.98082
1
L

1619098092
57.68721
11.98080
1

1619098092
57.68721
11.98080
1

1619098093
57.68719
11.98077
1

1619098093
57.68719
11.98077
1

1619098094
57.68719
11.98074
1

1619098095
57.68718
11.98071
1

1619098095
57.68718
11.98071
1

1619098096
57.68718
11.98067
1

1619098096
57.68718
11.98067
1

1619098097
57.68717
11.98065
1

1619098097
57.68717
11.98065
1

1619098098
57.68716
11.98062
1

1619098098
57.68716
11.98062
1

1619098099
57.68716
11.98059
1

1619098100
57.68716
11.98056
1

1619098100
57.68716
11.98056
1

1619098101
57.68715
11.98053
1

1619098101
57.68715
11.98053
1

1619098102
57.68715
11.98050
1

1619098102
57.68715
11.98050
1

1619098103
57.68715
11.98048
1

1619098103
57.68715
11.98048
1

1619098104
57.68714
11.98045
1
R

1619098104
57.68714
11.98045
1

1619098105
57.68713
11.98043
1

1619098106
57.68713
11.98041
1

1619098106
57.68713
11.98041
1

1619098107
57.68712
11.98039
1

1619098107
57.68712
11.98039
1

1619098108
57.68711
11.98037
1

1619098108
57.68711
11.98037
1

1619098109
57.68710
11.98034
1

1619098109
57.68710
11.98034
1

1619098110
57.68710
11.98032
1

1619098111
57.68710
11.98029
1

1619098111
57.68710
11.98029
1

1619098112
57.68709
11.98027
1

1619098112
57.68709
11.98027
1

1619098113
57.68709
11.98024
1

1619098113
57.68709
11.98024
1

1619098114
57.68709
11.98022
1

1619098114
57.68709
11.98022
1

1619098115
57.68708
11.98020
1

1619098116
57.68707
11.98017
1

1619098116
57.68707
11.98017
1

1619098117
57.68707
11.98016
1

1619098117
57.68707
11.98016
1

1619098118
57.68706
11.98016
1

1619098118
57.68706
11.98016
1

1619098119
57.68705
11.98014
1

1619098119
57.68705
11.98014
1

1619098120
57.68704
11.98012
1

1619098121
57.68703
11.98009
1

1619098121
57.68703
11.98009
1

1619098122
57.68703
11.98007
1

1619098122
57.68703
11.98007
1

1619098123
57.68702
11.98005
1

1619098123
57.68702
11.98005
1

1619098124
57.68702
11.98002
1

1619098124
57.68702
11.98002
1

1619098125
57.68701
11.98000
1

1619098126
57.68700
11.97998
1

1619098126
57.68700
11.97998
1

1619098127
57.68700
11.97997
1

1619098127
57.68700
11.97997
1

1619098128
57.68700
11.97995
1

1619098128
57.68700
11.97995
1

1619098129
57.68700
11.97993
1

1619098129
57.68700
11.97993
1

1619098130
57.68700
11.97991
1

1619098131
57.68701
11.97987
1

1619098131
57.68701
11.97987
1

1619098132
57.68700
11.97983
1

1619098132
57.68700
11.97983
1

1619098133
57.68700
11.97979
1

1619098133
57.68700
11.97979
1

1619098134
57.68700
11.97976
1

1619098134
57.68700
11.97976
1

1619098135
57.68699
11.97974
1

1619098136
57.68698
11.97972
1

1619098136
57.68698
11.97972
1

1619098137
57.68697
11.97970
1

1619098137
57.68697
11.97970
1

1619098138
57.68696
11.97967
1

1619098138
57.68696
11.97967
1

1619098139
57.68695
11.97964
1

1619098140
57.68694
11.97961
1

1619098140
57.68694
11.97961
1

1619098141
57.68693
11.97957
1

1619098141
57.68693
11.97957
1

1619098142
57.68693
11.97953
1

1619098142
57.68693
11.97953
1

1619098143
57.68692
11.97950
1

1619098143
57.68692
11.97950
1

1619098144
57.68692
11.97946
1

1619098144
57.68692
11.97946
1

1619098145
57.68691
11.97943
1

1619098146
57.68690
11.97941
1

1619098146
57.68690
11.97941
1

1619098147
57.68690
11.97939
1

1619098147
57.68690
11.97939
1

1619098148
57.68690
11.97937
1

1619098148
57.68690
11.97937
1

1619098149
57.68689
11.97936
1

1619098149
57.68689
11.97936
1

1619098150
57.68688
11.97934
1

1619098151
57.68687
11.97932
1

1619098151
57.68687
11.97932
1

1619098152
57.68686
11.97931
1

1619098152
57.68686
11.97931
1

1619098153
57.68684
11.97929
1

1619098153
57.68684
11.97929
1

1619098154
57.68682
11.97929
1

1619098154
57.68682
11.97929
1
R

1619098155
57.68681
11.97929
1

1619098155
57.68681
11.97929
1

1619098156
57.68680
11.97928
1

1619098157
57.68679
11.97928
1

1619098157
57.68679
11.97928
1

1619098158
57.68677
11.97929
1

1619098158
57.68677
11.97929
1

1619098159
57.68675
11.97929
1

1619098159
57.68675
11.97929
1

1619098160
57.68674
11.97929
1

1619098160
57.68674
11.97929
1

1619098161
57.68671
11.97929
1

1619098162
57.68670
11.97930
1

1619098162
57.68670
11.97930
1

1619098163
57.68668
11.97929
1

1619098163
57.68668
11.97929
1

1619098164
57.68666
11.97929
1

1619098164
57.68666
11.97929
1

1619098165
57.68665
11.97929
1

1619098165
57.68665
11.97929
1

1619098166
57.68663
11.97929
1

1619098167
57.68662
11.97929
1

1619098167
57.68662
11.97929
1

1619098168
57.68662
11.97930
1

1619098168
57.68662
11.97930
1

1619098169
57.68661
11.97930
1

1619098169
57.68661
11.97930
1

1619098170
57.68660
11.97931
1

1619098170
57.68660
11.97931
1

1619098171
57.68658
11.97933
1

1619098172
57.68657
11.97934
1

1619098172
57.68657
11.97934
1

1619098173
57.68654
11.97933
1

1619098173
57.68654
11.97933
1

1619098174
57.68652
11.97933
1

1619098174
57.68652
11.97933
1

1619098175
57.68649
11.97932
1

1619098175
57.68649
11.97932
1

1619098176
57.68647
11.97932
1

1619098177
57.68645
11.97931
1

1619098177
57.68645
11.97931
1

1619098178
57.68642
11.97931
1

1619098178
57.68642
11.97931
1

1619098179
57.68640
11.97931
1

1619098179
57.68640
11.97931
1

1619098180
57.68637
11.97931
1

1619098180
57.68637
11.97931
1

1619098181
57.68635
11.97930
1

1619098181
57.68635
11.97930
1

1619098182
57.68633
11.97931
1

1619098183
57.68631
11.97930
1

1619098183
57.68631
11.97930
1

1619098184
57.68630
11.97930
1

1619098184
57.68630
11.97930
1

1619098185
57.68628
11.97929
1

1619098185
57.68628
11.97929
1

1619098186
57.68626
11.97929
1

1619098186
57.68626
11.97929
1

1619098187
57.68624
11.97930
1

1619098187
57.68624
11.97930
1

1619098188
57.68623
11.97930
1

1619098188
57.68623
11.97930
1

1619098189
57.68622
11.97930
1

1619098189
57.68622
11.97930
1

1619098190
57.68621
11.97930
1

1619098190
57.68621
11.97930
1

1619098191
57.68620
11.97930
1

1619098192
57.68620
11.97929
1

1619098192
57.68620
11.97929
1

1619098193
57.68618
11.97929
1

1619098193
57.68618
11.97929
1

1619098194
57.68618
11.97929
1

1619098194
57.68618
11.97929
1

1619098195
57.68617
11.97927
1

1619098195
57.68617
11.97927
1

1619098196
57.68616
11.97925
1

1619098196
57.68616
11.97925
1

1619098197
57.68616
11.97924
1

1619098198
57.68615
11.97923
1

1619098198
57.68615
11.97923
1

1619098199
57.68615
11.97922
1

1619098199
57.68615
11.97922
1

1619098200
57.68614
11.97921
1

1619098200
57.68614
11.97921
1

1619098201
57.68612
11.97922
1

1619098201
57.68612
11.97922
1

1619098202
57.68610
11.97922
1

1619098203
57.68608
11.97921
1

1619098203
57.68608
11.97921
1

1619098204
57.68606
11.97920
1

1619098204
57.68606
11.97920
1

1619098205
57.68603
11.97918
1

1619098205
57.68603
11.97918
1

1619098206
57.68600
11.97917
1

1619098206
57.68600
11.97917
1

1619098207
57.68599
11.97914
1

1619098207
57.68599
11.97914
1

1619098208
57.68596
11.97912
1

1619098209
57.68594
11.97910
1

1619098209
57.68594
11.97910
1

1619098210
57.68593
11.97909
1

1619098210
57.68593
11.97909
1

1619098211
57.68591
11.97907
1

1619098211
57.68591
11.97907
1

1619098212
57.68589
11.97905
1

1619098212
57.68589
11.97905
1

1619098213
57.68587
11.97902
1

1619098213
57.68587
11.97902
1

1619098214
57.68586
11.97900
1

1619098215
57.68586
11.97897
1

1619098215
57.68586
11.97897
1

1619098216
57.68585
11.97894
1

1619098216
57.68585
11.97894
1

1619098217
57.68583
11.97892
1

1619098217
57.68583
11.97892
1

1619098218
57.68582
11.97890
1

1619098218
57.68582
11.97890
1

1619098219
57.68581
11.97887
1

1619098219
57.68581
11.97887
1

1619098220
57.68580
11.97884
1

1619098220
57.68580
11.97884
1

1619098221
57.68579
11.97881
1

1619098221
57.68579
11.97881
1

1619098222
57.68578
11.97878
1

1619098222
57.68578
11.97878
1

1619098223
57.68577
11.97875
1
L

1619098223
57.68577
11.97875
1

1619098224
57.68576
11.97873
1

1619098225
57.68576
11.97869
1

1619098225
57.68576
11.97869
1

1619098226
57.68575
11.97867
1

1619098226
57.68575
11.97867
1

1619098227
57.68573
11.97865
1

1619098227
57.68573
11.97865
1

1619098228
57.68573
11.97863
1

1619098228
57.68573
11.97863
1

1619098229
57.68572
11.97860
1

1619098229
57.68572
11.97860
1

1619098230
57.68571
11.97857
1

1619098231
57.68570
11.97855
1

1619098231
57.68570
11.97855
1

1619098232
57.68569
11.97852
1

1619098232
57.68569
11.97852
1

1619098233
57.68568
11.97849
1
R

1619098233
57.68568
11.97849
1

1619098234
57.68568
11.97845
1

1619098234
57.68568
11.97845
1

1619098235
57.68567
11.97842
1

1619098235
57.68567
11.97842
1

1619098236
57.68566
11.97838
1

1619098236
57.68566
11.97838
1

1619098237
57.68566
11.97835
1

1619098237
57.68566
11.97835
1

1619098238
57.68565
11.97832
1

1619098238
57.68565
11.97832
1

1619098239
57.68565
11.97829
1

1619098240
57.68564
11.97826
1

1619098240
57.68564
11.97826
1

1619098241
57.68564
11.97823
1

1619098241
57.68564
11.97823
1

1619098242
57.68563
11.97820
1

1619098242
57.68563
11.97820
1

1619098243
57.68563
11.97817
1

1619098243
57.68563
11.97817
1

1619098244
57.68563
11.97814
1

1619098244
57.68563
11.97814
1

1619098245
57.68563
11.97811
1

1619098245
57.68563
11.97811
1

1619098246
57.68562
11.97808
1

1619098247
57.68561
11.97806
1

1619098247
57.68561
11.97806
1

1619098247
57.68561
11.97806
1

1619098248
57.68561
11.97802
1

1619098249
57.68561
11.97799
1

1619098249
57.68561
11.97799
1

1619098250
57.68561
11.97795
1

1619098250
57.68561
11.97795
1

1619098251
57.68562
11.97793
1

1619098251
57.68562
11.97793
1

1619098252
57.68561
11.97790
1

1619098252
57.68561
11.97790
1

1619098253
57.68561
11.97788
1

1619098253
57.68561
11.97788
1

1619098254
57.68560
11.97785
1

1619098255
57.68560
11.97782
1

1619098255
57.68560
11.97782
1

1619098256
57.68559
11.97779
1

1619098256
57.68559
11.97779
1

1619098257
57.68558
11.97777
1

1619098257
57.68558
11.97777
1

1619098258
57.68557
11.97774
1

1619098258
57.68557
11.97774
1

1619098259
57.68557
11.97772
1

1619098259
57.68557
11.97772
1

1619098260
57.68556
11.97770
1

1619098261
57.68556
11.97767
1

1619098261
57.68556
11.97767
1

1619098262
57.68555
11.97765
1

1619098262
57.68555
11.97765
1

1619098263
57.68554
11.97763
1

1619098263
57.68554
11.97763
1

1619098264
57.68554
11.97761
1

1619098264
57.68554
11.97761
1
L

1619098265
57.68554
11.97760
1

1619098265
57.68554
11.97760
1

1619098266
57.68555
11.97758
1

1619098266
57.68555
11.97758
1

1619098267
57.68554
11.97756
1

1619098268
57.68553
11.97756
1

1619098268
57.68553
11.97756
1

1619098269
57.68552
11.97756
1

1619098269
57.68552
11.97756
1

1619098270
57.68551
11.97756
1

1619098270
57.68551
11.97756
1

1619098271
57.68550
11.97756
1

1619098271
57.68550
11.97756
1

1619098272
57.68549
11.97756
1

1619098272
57.68549
11.97756
1

1619098273
57.68548
11.97756
1

1619098273
57.68548
11.97756
1

1619098274
57.68547
11.97756
1

1619098274
57.68547
11.97756
1

1619098275
57.68547
11.97756
1

1619098276
57.68546
11.97756
1

1619098276
57.68546
11.97756
1

1619098277
57.68546
11.97756
1

1619098277
57.68546
11.97756
1

1619098278
57.68546
11.97757
1

1619098278
57.68546
11.97757
1
R

1619098279
57.68546
11.97757
1

1619098279
57.68546
11.97757
1

1619098280
57.68547
11.97756
1

1619098280
57.68547
11.97756
1

1619098281
57.68547
11.97755
1

1619098281
57.68547
11.97755
1

1619098282
57.68549
11.97754
1

1619098283
57.68549
11.97753
1

1619098283
57.68549
11.97753
1

1619098284
57.68551
11.97753
1

1619098284
57.68551
11.97753
1

1619098285
57.68551
11.97752
1

1619098285
57.68551
11.97752
1

1619098286
57.68552
11.97752
1

1619098286
57.68552
11.97752
1

1619098287
57.68552
11.97751
1

1619098287
57.68552
11.97751
1

1619098288
57.68553
11.97750
1

1619098288
57.68553
11.97750
1

1619098289
57.68555
11.97751
1

1619098289
57.68555
11.97751
1

1619098290
57.68556
11.97751
1

1619098291
57.68559
11.97751
1

1619098291
57.68559
11.97751
1

1619098292
57.68559
11.97750
1

1619098292
57.68559
11.97750
1

1619098293
57.68559
11.97749
1

1619098293
57.68559
11.97749
1

1619098294
57.68560
11.97749
1

1619098295
57.68560
11.97749
1

1619098295
57.68560
11.97749
1

1619098296
57.68560
11.97750
1

1619098296
57.68560
11.97750
1

1619098297
57.68562
11.97750
1

1619098297
57.68562
11.97750
1

1619098298
57.68564
11.97750
1

1619098298
57.68564
11.97750
1

1619098299
57.68566
11.97750
1

1619098299
57.68566
11.97750
1

1619098300
57.68568
11.97750
1

1619098300
57.68568
11.97750
1

1619098301
57.68570
11.97749
1

1619098302
57.68571
11.97749
1

1619098302
57.68571
11.97749
1

1619098303
57.68573
11.97748
1

1619098303
57.68573
11.97748
1

1619098304
57.68575
11.97748
1

1619098304
57.68575
11.97748
1

1619098305
57.68576
11.97747
1

1619098305
57.68576
11.97747
1

1619098306
57.68578
11.97745
1

1619098306
57.68578
11.97745
1

1619098307
57.68579
11.97744
1

1619098308
57.68581
11.97742
1

1619098308
57.68581
11.97742
1

1619098308
57.68581
11.97742
1

1619098309
57.68582
11.97741
1
L

1619098309
57.68582
11.97741
1

1619098310
57.68584
11.97739
1

1619098310
57.68584
11.97739
1

1619098311
57.68585
11.97738
1

1619098311
57.68585
11.97738
1

1619098312
57.68586
11.97737
1

1619098313
57.68588
11.97735
1

1619098313
57.68588
11.97735
1

1619098314
57.68590
11.97733
1

1619098314
57.68590
11.97733
1

1619098315
57.68591
11.97731
1

1619098315
57.68591
11.97731
1

1619098316
57.68593
11.97729
1

1619098316
57.68593
11.97729
1

1619098317
57.68595
11.97727
1

1619098317
57.68595
11.97727
1

1619098318
57.68597
11.97727
1

1619098318
57.68597
11.97727
1

1619098319
57.68599
11.97727
1

1619098320
57.68601
11.97726
1

1619098320
57.68601
11.97726
1

1619098321
57.68602
11.97724
1
R

1619098321
57.68602
11.97724
1

1619098322
57.68605
11.97724
1

1619098322
57.68605
11.97724
1

1619098323
57.68606
11.97723
1

1619098323
57.68606
11.97723
1

1619098324
57.68607
11.97721
1

1619098324
57.68607
11.97721
1

1619098325
57.68609
11.97720
1

1619098325
57.68609
11.97720
1

1619098326
57.68610
11.97717
1

1619098326
57.68610
11.97717
1

1619098327
57.68611
11.97715
1

1619098328
57.68612
11.97712
1

1619098328
57.68612
11.97712
1

1619098329
57.68613
11.97711
1

1619098329
57.68613
11.97711
1

1619098330
57.68614
11.97709
1

1619098330
57.68614
11.97709
1

1619098331
57.68615
11.97707
1

1619098331
57.68615
11.97707
1

1619098332
57.68617
11.97705
1

1619098332
57.68617
11.97705
1

1619098333
57.68619
11.97704
1

1619098334
57.68620
11.97703
1

1619098334
57.68620
11.97703
1

1619098335
57.68622
11.97701
1

1619098335
57.68622
11.97701
1

1619098336
57.68623
11.97701
1

1619098336
57.68623
11.97701
1

1619098337
57.68625
11.97699
1

1619098337
57.68625
11.97699
1

1619098338
57.68626
11.97698
1

1619098338
57.68626
11.97698
1

1619098339
57.68628
11.97696
1

1619098339
57.68628
11.97696
1

1619098340
57.68629
11.97694
1

1619098340
57.68629
11.97694
1

1619098341
57.68631
11.97693
1

1619098342
57.68633
11.97691
1

1619098342
57.68633
11.97691
1

1619098343
57.68634
11.97690
1

1619098343
57.68634
11.97690
1

1619098344
57.68635
11.97689
1

1619098344
57.68635
11.97689
1

1619098345
57.68637
11.97687
1

1619098345
57.68637
11.97687
0

1619098346
57.68638
11.97686
0

1619098346
57.68638
11.97686
0

1619098347
57.68639
11.97685
0

1619098347
57.68639
11.97685
0

1619098348
57.68640
11.97684
0

1619098349
57.68641
11.97682
0

1619098349
57.68641
11.97682
0

1619098350
57.68642
11.97682
0

1619098350
57.68642
11.97682
0

1619098350
57.68642
11.97682
0

1619098351
57.68644
11.97682
0

1619098352
57.68645
11.97682
0

1619098352
57.68645
11.97682
0

1619098353
57.68647
11.97681
0

1619098354
57.68649
11.97680
0

1619098354
57.68649
11.97680
0

1619098355
57.68650
11.97679
0

1619098355
57.68650
11.97679
0

1619098356
57.68651
11.97678
0

1619098356
57.68651
11.97678
0

1619098357
57.68652
11.97677
0

1619098357
57.68652
11.97677
0

1619098358
57.68653
11.97675
0

1619098358
57.68653
11.97675
0

1619098359
57.68655
11.97673
0

1619098359
57.68655
11.97673
0
L

1619098360
57.68657
11.97672
1

1619098361
57.68658
11.97670
1

1619098361
57.68658
11.97670
1

1619098362
57.68659
11.97670
0

1619098362
57.68659
11.97670
0

1619098363
57.68663
11.97668
0

1619098363
57.68663
11.97668
0

1619098364
57.68664
11.97667
0

1619098364
57.68664
11.97667
0

1619098365
57.68665
11.97665
0

1619098365
57.68665
11.97665
0

1619098366
57.68666
11.97664
0

1619098366
57.68666
11.97664
0

1619098367
57.68667
11.97662
0

1619098367
57.68667
11.97662
0

1619098368
57.68668
11.97661
0
R

1619098369
57.68669
11.97659
0

1619098369
57.68669
11.97659
0

1619098369
57.68669
11.97659
0

1619098370
57.68670
11.97659
0

1619098370
57.68670
11.97659
0

1619098371
57.68671
11.97658
0

1619098371
57.68671
11.97658
0

1619098372
57.68673
11.97657
0

1619098372
57.68673
11.97657
0

1619098373
57.68674
11.97656
0

1619098374
57.68675
11.97655
0

1619098374
57.68675
11.97655
0

1619098375
57.68676
11.97654
0

1619098375
57.68676
11.97654
0

1619098376
57.68678
11.97653
0

1619098376
57.68678
11.97653
0

1619098377
57.68680
11.97651
0

1619098377
57.68680
11.97651
0

1619098378
57.68681
11.97650
0

1619098379
57.68682
11.97649
0

1619098379
57.68682
11.97649
0

1619098379
57.68682
11.97649
0

1619098380
57.68684
11.97648
0

1619098381
57.68687
11.97647
0

1619098381
57.68687
11.97647
0

1619098382
57.68690
11.97646
0

1619098382
57.68690
11.97646
0

1619098383
57.68692
11.97645
0

1619098383
57.68692
11.97645
0

1619098384
57.68695
11.97644
0

1619098384
57.68695
11.97644
0

1619098385
57.68697
11.97643
0

1619098386
57.68699
11.97642
0

1619098386
57.68699
11.97642
0

1619098387
57.68702
11.97641
0

1619098387
57.68702
11.97641
0

1619098388
57.68704
11.97639
0

1619098388
57.68704
11.97639
0

1619098389
57.68705
11.97638
0

1619098389
57.68705
11.97638
0

1619098390
57.68707
11.97636
0

1619098390
57.68707
11.97636
0

1619098391
57.68709
11.97635
0

1619098391
57.68709
11.97635
0

1619098392
57.68710
11.97633
0
L

1619098392
57.68710
11.97633
0
R

1619098393
57.68712
11.97632
0

1619098393
57.68712
11.97632
0

1619098394
57.68713
11.97631
0

1619098395
57.68715
11.97629
0

1619098395
57.68715
11.97629
0

1619098396
57.68716
11.97627
0

1619098396
57.68716
11.97627
0

1619098396
57.68716
11.97627
0

1619098397
57.68717
11.97625
0

1619098398
57.68718
11.97623
0

1619098398
57.68718
11.97623
0

1619098399
57.68719
11.97622
0

1619098399
57.68719
11.97622
0

1619098400
57.68720
11.97621
0

1619098400
57.68720
11.97621
0
S

1619098401
57.68721
11.97620
0

1619098401
57.68721
11.97620
0

1619098402
57.68722
11.97618
0

1619098402
57.68722
11.97618
0

1619098403
57.68724
11.97618
0

1619098404
57.68725
11.97616
0

1619098404
57.68725
11.97616
0

1619098405
57.68727
11.97615
0

1619098405
57.68727
11.97615
0

1619098406
57.68727
11.97614
0

1619098406
57.68727
11.97614
0

1619098407
57.68729
11.97612
0

1619098407
57.68729
11.97612
0

1619098408
57.68730
11.97611
0

1619098408
57.68730
11.97611
0

1619098409
57.68731
11.97610
0

1619098410
57.68732
11.97609
0

1619098410
57.68732
11.97609
0
L

1619098411
57.68733
11.97608
0

1619098411
57.68733
11.97608
0

1619098412
57.68734
11.97606
0

1619098412
57.68734
11.97606
0

1619098413
57.68736
11.97605
0

1619098413
57.68736
11.97605
0

1619098414
57.68737
11.97604
0

1619098414
57.68737
11.97604
0

1619098415
57.68737
11.97603
0

1619098416
57.68738
11.97602
0

1619098416
57.68738
11.97602
0

1619098417
57.68739
11.97602
0

1619098417
57.68739
11.97602
0

1619098418
57.68740
11.97602
0
R

1619098418
57.68740
11.97602
0

1619098419
57.68741
11.97601
0

1619098419
57.68741
11.97601
0

1619098420
57.68742
11.97600
0

1619098420
57.68742
11.97600
0

1619098421
57.68742
11.97599
0

1619098421
57.68742
11.97599
0
L

1619098422
57.68744
11.97596
0

1619098423
57.68745
11.97594
0

1619098423
57.68745
11.97594
0

1619098424
57.68745
11.97593
0

1619098424
57.68745
11.97593
0

1619098425
57.68747
11.97593
0

1619098425
57.68747
11.97593
0

1619098426
57.68748
11.97592
0

1619098426
57.68748
11.97592
0

1619098427
57.68751
11.97590
0

1619098428
57.68752
11.97589
0

1619098428
57.68752
11.97589
0

1619098429
57.68754
11.97587
0

1619098429
57.68754
11.97587
0

1619098430
57.68755
11.97586
0

1619098430
57.68755
11.97586
0

1619098431
57.68758
11.97585
0

1619098431
57.68758
11.97585
0

1619098432
57.68760
11.97585
0

1619098432
57.68760
11.97585
0

1619098433
57.68763
11.97583
0

1619098434
57.68766
11.97581
0

1619098434
57.68766
11.97581
0

1619098435
57.68768
11.97579
0

1619098435
57.68768
11.97579
0

1619098436
57.68771
11.97577
0

1619098436
57.68771
11.97577
0

1619098437
57.68774
11.97575
0

1619098437
57.68774
11.97575
0

1619098438
57.68776
11.97573
0

1619098438
57.68776
11.97573
0

1619098439
57.68778
11.97571
0
L

1619098440
57.68779
11.97569
0

1619098440
57.68779
11.97569
0

1619098441
57.68780
11.97566
0

1619098441
57.68780
11.97566
0

1619098442
57.68782
11.97564
0

1619098442
57.68782
11.97564
0

1619098443
57.68784
11.97562
0

1619098444
57.68785
11.97560
0

1619098444
57.68785
11.97560
0

1619098445
57.68787
11.97557
0

1619098445
57.68787
11.97557
0

1619098446
57.68788
11.97554
0

1619098446
57.68788
11.97554
0

1619098447
57.68789
11.97552
0

1619098447
57.68789
11.97552
0

1619098448
57.68790
11.97550
0

1619098448
57.68790
11.97550
0

1619098449
57.68791
11.97549
0

1619098449
57.68791
11.97549
1

1619098450
57.68793
11.97546
1

1619098451
57.68794
11.97544
1

1619098451
57.68794
11.97544
1

1619098451
57.68794
11.97544
1
L

1619098452
57.68796
11.97541
1

1619098453
57.68797
11.97539
1

1619098453
57.68797
11.97539
1

1619098454
57.68798
11.97536
1

1619098454
57.68798
11.97536
1

1619098455
57.68800
11.97534
1

1619098455
57.68800
11.97534
1

1619098456
57.68801
11.97533
1

1619098456
57.68801
11.97533
1

1619098457
57.68803
11.97531
1

1619098458
57.68804
11.97529
1

1619098458
57.68804
11.97529
1
S

1619098459
57.68805
11.97528
1

1619098459
57.68805
11.97528
1

1619098460
57.68806
11.97527
1

1619098460
57.68806
11.97527
1

1619098461
57.68808
11.97526
1

1619098461
57.68808
11.97526
1

1619098462
57.68810
11.97524
1

1619098462
57.68810
11.97524
1

1619098463
57.68811
11.97522
1

1619098463
57.68811
11.97522
1

1619098464
57.68812
11.97520
1

1619098465
57.68813
11.97518
1
R

1619098465
57.68813
11.97518
1

1619098466
57.68814
11.97517
1

1619098466
57.68814
11.97517
1

1619098467
57.68815
11.97515
1

1619098467
57.68815
11.97515
1

1619098468
57.68816
11.97513
1

1619098468
57.68816
11.97513
1

1619098469
57.68818
11.97511
1

1619098470
57.68819
11.97509
1

1619098470
57.68819
11.97509
1

1619098471
57.68820
11.97507
1

1619098471
57.68820
11.97507
1

1619098472
57.68821
11.97505
1

1619098472
57.68821
11.97505
1

1619098473
57.68822
11.97504
1

1619098473
57.68822
11.97504
1

1619098474
57.68822
11.97501
1

1619098474
57.68822
11.97501
1

1619098475
57.68824
11.97499
1

1619098476
57.68824
11.97497
1
L

1619098476
57.68824
11.97497
1

1619098477
57.68826
11.97495
1

1619098477
57.68826
11.97495
1

1619098477
57.68826
11.97495
1

1619098478
57.68827
11.97493
1

1619098479
57.68828
11.97490
1

1619098479
57.68828
11.97490
1

1619098480
57.68829
11.97488
1

1619098480
57.68829
11.97488
1

1619098481
57.68830
11.97486
1

1619098481
57.68830
11.97486
1

1619098482
57.68831
11.97485
1

1619098482
57.68831
11.97485
1

1619098483
57.68832
11.97482
0

1619098484
57.68832
11.97481
0

1619098484
57.68832
11.97481
0

1619098485
57.68834
11.97479
0

1619098485
57.68834
11.97479
0

1619098485
57.68834
11.97479
0

1619098486
57.68835
11.97476
0

1619098487
57.68836
11.97474
0
R

1619098487
57.68836
11.97474
0

1619098488
57.68838
11.97472
0

1619098488
57.68838
11.97472
0

1619098489
57.68839
11.97470
0

1619098489
57.68839
11.97470
0

1619098490
57.68840
11.97469
0

1619098491
57.68842
11.97468
0

1619098491
57.68842
11.97468
0

1619098492
57.68843
11.97466
0

1619098492
57.68843
11.97466
0

1619098493
57.68845
11.97465
0

1619098493
57.68845
11.97465
0

1619098494
57.68846
11.97463
0

1619098494
57.68846
11.97463
0

1619098495
57.68847
11.97460
0

1619098495
57.68847
11.97460
0

1619098496
57.68849
11.97459
0

1619098497
57.68850
11.97457
0

1619098497
57.68850
11.97457
0

1619098497
57.68850
11.97457
0

1619098498
57.68851
11.97455
0

1619098499
57.68853
11.97453
0

1619098499
57.68853
11.97453
0

1619098500
57.68853
11.97451
0

1619098500
57.68853
11.97451
0

1619098501
57.68853
11.97447
0

1619098501
57.68853
11.97447
0

1619098502
57.68854
11.97444
0
L

1619098502
57.68854
11.97444
0

1619098503
57.68854
11.97442
0

1619098503
57.68854
11.97442
0

1619098504
57.68855
11.97439
0

1619098505
57.68856
11.97434
0

1619098505
57.68856
11.97434
0

1619098506
57.68857
11.97432
0

1619098506
57.68857
11.97432
0

1619098507
57.68858
11.97430
0

1619098507
57.68858
11.97430
0

1619098508
57.68859
11.97428
0

1619098508
57.68859
11.97428
0

1619098509
57.68859
11.97425
0

1619098510
57.68861
11.97422
0

1619098510
57.68861
11.97422
0

1619098511
57.68863
11.97421
0

1619098511
57.68863
11.97421
0

1619098512
57.68864
11.97419
0

1619098512
57.68864
11.97419
0

1619098513
57.68866
11.97417
0

1619098513
57.68866
11.97417
0

1619098514
57.68867
11.97414
0

1619098514
57.68867
11.97414
0

1619098515
57.68868
11.97412
0

1619098515
57.68868
11.97412
0

1619098516
57.68869
11.97411
0

1619098517
57.68871
11.97409
0

1619098517
57.68871
11.97409
0

1619098518
57.68872
11.97408
0

1619098518
57.68872
11.97408
0

1619098519
57.68873
11.97408
0

1619098519
57.68873
11.97408
0

1619098520
57.68874
11.97407
0

1619098520
57.68874
11.97407
0

1619098521
57.68876
11.97405
0
L

1619098521
57.68876
11.97405
0

1619098522
57.68877
11.97403
0

1619098522
57.68877
11.97403
0

1619098523
57.68879
11.97402
0

1619098523
57.68879
11.97402
0

1619098524
57.68880
11.97400
0

1619098524
57.68880
11.97400
0

1619098525
57.68882
11.97397
0

1619098526
57.68883
11.97396
0

1619098526
57.68883
11.97396
0

1619098527
57.68884
11.97394
0

1619098527
57.68884
11.97394
0

1619098528
57.68885
11.97391
0

1619098528
57.68885
11.97391
0

1619098529
57.68886
11.97388
0

1619098530
57.68887
11.97385
0

1619098530
57.68887
11.97385
0

1619098531
57.68889
11.97383
0
R

1619098531
57.68889
11.97383
0

1619098532
57.68890
11.97380
0

1619098532
57.68890
11.97380
0

1619098533
57.68890
11.97377
0

1619098533
57.68890
11.97377
0

1619098534
57.68890
11.97373
0

1619098535
57.68889
11.97370
0

1619098535
57.68889
11.97370
0

1619098535
57.68889
11.97370
0

1619098536
57.68892
11.97368
0

1619098537
57.68893
11.97365
0

1619098537
57.68893
11.97365
0

1619098538
57.68894
11.97363
0

1619098538
57.68894
11.97363
0

1619098539
57.68894
11.97361
0

1619098539
57.68894
11.97361
0

1619098540
57.68895
11.97360
0

1619098541
57.68897
11.97358
0

1619098541
57.68897
11.97358
0

1619098541
57.68897
11.97358
0

1619098542
57.68899
11.97356
1

1619098543
57.68901
11.97355
1
L

1619098543
57.68901
11.97355
1

1619098544
57.68903
11.97352
1

1619098544
57.68903
11.97352
1

1619098545
57.68904
11.97351
1

1619098545
57.68904
11.97351
1

1619098546
57.68907
11.97350
1

1619098547
57.68910
11.97350
1

1619098547
57.68910
11.97350
1

1619098547
57.68910
11.97350
1

1619098548
57.68912
11.97352
1

1619098549
57.68914
11.97355
1

1619098549
57.68914
11.97355
1

1619098550
57.68917
11.97358
1

1619098550
57.68917
11.97358
1

1619098551
57.68920
11.97363
1

1619098551
57.68920
11.97363
1

1619098552
57.68924
11.97365
1

1619098553
57.68928
11.97367
1

1619098553
57.68928
11.97367
1

1619098554
57.68932
11.97368
1

1619098554
57.68932
11.97368
1

1619098555
57.68935
11.97369
1

1619098555
57.68935
11.97369
1

1619098556
57.68938
11.97370
1

1619098556
57.68938
11.97370
1

1619098557
57.68943
11.97371
1

1619098557
57.68943
11.97371
1

1619098558
57.68948
11.97370
1

1619098559
57.68951
11.97369
1
L

1619098559
57.68951
11.97369
1

1619098560
57.68953
11.97368
1

1619098560
57.68953
11.97368
1

1619098561
57.68956
11.97368
1
R

1619098561
57.68956
11.97368
1

1619098562
57.68958
11.97368
1

1619098562
57.68958
11.97368
1

1619098563
57.68960
11.97369
1

1619098564
57.68963
11.97369
1

1619098564
57.68963
11.97369
1

1619098565
57.68966
11.97369
1

1619098565
57.68966
11.97369
1

1619098566
57.68968
11.97369
1

1619098566
57.68968
11.97369
1

1619098567
57.68970
11.97369
1

1619098567
57.68970
11.97369
1

1619098568
57.68971
11.97369
1

1619098568
57.68971
11.97369
1

1619098569
57.68972
11.97369
1

1619098569
57.68972
11.97369
1

1619098570
57.68974
11.97370
1

1619098571
57.68975
11.97370
1

1619098571
57.68975
11.97370
1

1619098571
57.68975
11.97370
1

1619098572
57.68977
11.97370
1

1619098573
57.68978
11.97371
1

1619098573
57.68978
11.97371
1

1619098574
57.68979
11.97371
1

1619098574
57.68979
11.97371
1

1619098575
57.68981
11.97371
1

1619098575
57.68981
11.97371
1
L

1619098576
57.68983
11.97371
1

1619098577
57.68985
11.97371
1

1619098577
57.68985
11.97371
1

1619098577
57.68985
11.97371
1

1619098578
57.68987
11.97371
1

1619098579
57.68988
11.97370
1

1619098579
57.68988
11.97370
1
R

1619098580
57.68990
11.97370
1

1619098580
57.68990
11.97370
1

1619098581
57.68992
11.97371
1

1619098581
57.68992
11.97371
1

1619098582
57.68995
11.97371
1

1619098583
57.68996
11.97371
1

1619098583
57.68996
11.97371
1

1619098583
57.68996
11.97371
1

1619098584
57.68998
11.97373
1

1619098585
57.69000
11.97374
1

1619098585
57.69000
11.97374
1

1619098586
57.69002
11.97375
1

1619098586
57.69002
11.97375
1

1619098587
57.69004
11.97376
1

1619098587
57.69004
11.97376
1

1619098588
57.69005
11.97376
1

1619098588
57.69005
11.97376
1

1619098589
57.69006
11.97377
1

1619098589
57.69006
11.97377
1

1619098590
57.69008
11.97377
1

1619098590
57.69008
11.97377
1

1619098591
57.69010
11.97377
1

1619098592
57.69012
11.97377
1

1619098592
57.69012
11.97377
1

1619098593
57.69014
11.97377
1

1619098593
57.69014
11.97377
1

1619098594
57.69016
11.97377
1

1619098594
57.69016
11.97377
1

1619098595
57.69018
11.97377
1

1619098596
57.69019
11.97377
1

1619098596
57.69019
11.97377
1

1619098597
57.69021
11.97377
1

1619098597
57.69021
11.97377
1
L

1619098598
57.69022
11.97376
1

1619098598
57.69022
11.97376
1

1619098599
57.69025
11.97376
1

1619098599
57.69025
11.97376
1

1619098600
57.69026
11.97375
1

1619098601
57.69028
11.97376
1

1619098601
57.69028
11.97376
1

1619098602
57.69030
11.97376
1

1619098602
57.69030
11.97376
1

1619098603
57.69031
11.97376
1

1619098603
57.69031
11.97376
1

1619098604
57.69033
11.97376
1

1619098604
57.69033
11.97376
1

1619098605
57.69035
11.97375
1

1619098606
57.69036
11.97375
1

1619098606
57.69036
11.97375
1

1619098607
57.69038
11.97375
1

1619098607
57.69038
11.97375
1

1619098608
57.69040
11.97375
1

1619098608
57.69040
11.97375
1

1619098609
57.69042
11.97375
1
L

1619098609
57.69042
11.97375
1

1619098610
57.69044
11.97375
1

1619098611
57.69045
11.97375
1

1619098611
57.69045
11.97375
1

1619098612
57.69047
11.97375
1

1619098612
57.69047
11.97375
1

1619098613
57.69049
11.97375
1

1619098613
57.69049
11.97375
1

1619098614
57.69051
11.97375
1

1619098614
57.69051
11.97375
1

1619098615
57.69053
11.97375
1

1619098615
57.69053
11.97375
1

1619098616
57.69055
11.97375
1

1619098617
57.69057
11.97375
1

1619098617
57.69057
11.97375
1

1619098618
57.69058
11.97376
1

1619098618
57.69058
11.97376
1

1619098619
57.69060
11.97376
1

1619098619
57.69060
11.97376
1

1619098620
57.69061
11.97376
1

1619098620
57.69061
11.97376
1

1619098621
57.69063
11.97377
1

1619098622
57.69066
11.97377
1

1619098622
57.69066
11.97377
1

1619098623
57.69068
11.97378
1

1619098623
57.69068
11.97378
1

1619098624
57.69070
11.97380
1

1619098624
57.69070
11.97380
1

1619098625
57.69071
11.97381
1

1619098625
57.69071
11.97381
1

1619098626
57.69073
11.97380
1

1619098627
57.69074
11.97380
1

1619098627
57.69074
11.97380
1

1619098628
57.69075
11.97381
1

1619098628
57.69075
11.97381
1

1619098629
57.69076
11.97381
1

1619098629
57.69076
11.97381
1

1619098630
57.69078
11.97381
1

1619098631
57.69079
11.97379
1

1619098631
57.69079
11.97379
1

1619098632
57.69080
11.97379
1

1619098632
57.69080
11.97379
1

1619098633
57.69081
11.97379
1

1619098633
57.69081
11.97379
1

1619098634
57.69082
11.97378
1
L

1619098634
57.69082
11.97378
1

1619098635
57.69083
11.97377
1

1619098635
57.69083
11.97377
1

1619098636
57.69085
11.97377
1

1619098637
57.69086
11.97377
1

1619098637
57.69086
11.97377
1

1619098638
57.69088
11.97377
1

1619098638
57.69088
11.97377
1

1619098639
57.69090
11.97376
1

1619098639
57.69090
11.97376
1

1619098640
57.69092
11.97376
1

1619098640
57.69092
11.97376
1

1619098641
57.69094
11.97376
1

1619098641
57.69094
11.97376
1

1619098642
57.69096
11.97375
1

1619098643
57.69098
11.97376
1

1619098643
57.69098
11.97376
1

1619098644
57.69101
11.97377
1

1619098644
57.69101
11.97377
1

1619098645
57.69102
11.97377
1

1619098645
57.69102
11.97377
1

1619098646
57.69104
11.97379
1

1619098647
57.69107
11.97379
1

1619098647
57.69107
11.97379
1

1619098648
57.69109
11.97379
1

1619098648
57.69109
11.97379
1

1619098649
57.69111
11.97379
1

1619098649
57.69111
11.97379
1

1619098650
57.69113
11.97379
1

1619098650
57.69113
11.97379
1

1619098651
57.69115
11.97378
1

1619098651
57.69115
11.97378
1

1619098652
57.69117
11.97377
1

1619098652
57.69117
11.97377
1

1619098653
57.69118
11.97377
1

1619098654
57.69119
11.97377
1

1619098654
57.69119
11.97377
1

1619098655
57.69121
11.97377
1

1619098655
57.69121
11.97377
1

1619098656
57.69122
11.97377
1

1619098657
57.69124
11.97376
1

1619098657
57.69124
11.97376
1

1619098657
57.69124
11.97376
1

1619098658
57.69125
11.97375
1

1619098659
57.69127
11.97375
1

1619098659
57.69127
11.97375
1

1619098660
57.69128
11.97375
1

1619098660
57.69128
11.97375
1

1619098661
57.69130
11.97375
1

1619098661
57.69130
11.97375
1
L

1619098662
57.69132
11.97375
1

1619098663
57.69134
11.97375
1

1619098663
57.69134
11.97375
1

1619098664
57.69136
11.97375
1

1619098664
57.69136
11.97375
1

1619098665
57.69138
11.97376
1

1619098665
57.69138
11.97376
1

1619098666
57.69139
11.97376
1

1619098667
57.69141
11.97376
1

1619098667
57.69141
11.97376
1
R

1619098668
57.69143
11.97376
1

1619098668
57.69143
11.97376
1

1619098669
57.69146
11.97377
1

1619098669
57.69146
11.97377
1

1619098670
57.69147
11.97377
1

1619098670
57.69147
11.97377
1

1619098671
57.69149
11.97379
1

1619098671
57.69149
11.97379
1

1619098672
57.69151
11.97378
1

1619098673
57.69152
11.97378
1

1619098673
57.69152
11.97378
1

1619098674
57.69153
11.97377
1

1619098674
57.69153
11.97377
1

1619098675
57.69154
11.97375
1

1619098675
57.69154
11.97375
1

1619098676
57.69155
11.97373
1

1619098676
57.69155
11.97373
1

1619098677
57.69156
11.97372
1

1619098678
57.69156
11.97371
1

1619098678
57.69156
11.97371
1

1619098679
57.69157
11.97370
1

1619098679
57.69157
11.97370
1

1619098680
57.69158
11.97369
1

1619098680
57.69158
11.97369
1

1619098681
57.69159
11.97367
1

1619098681
57.69159
11.97367
1

1619098682
57.69159
11.97365
1

1619098682
57.69159
11.97365
1

1619098683
57.69160
11.97362
1

1619098684
57.69160
11.97361
1

1619098684
57.69160
11.97361
1

1619098685
57.69160
11.97359
1

1619098685
57.69160
11.97359
1

1619098686
57.69162
11.97360
1

1619098686
57.69162
11.97360
1

1619098687
57.69164
11.97359
1

1619098688
57.69167
11.97364
1

1619098688
57.69167
11.97364
1

1619098689
57.69170
11.97372
1

1619098689
57.69170
11.97372
1

1619098690
57.69172
11.97375
1

1619098690
57.69172
11.97375
1

1619098691
57.69173
11.97379
1

1619098691
57.69173
11.97379
1

1619098692
57.69176
11.97381
1

1619098692
57.69176
11.97381
1

1619098693
57.69177
11.97385
1

1619098694
57.69179
11.97387
1

1619098694
57.69179
11.97387
1

1619098695
57.69181
11.97388
1

1619098695
57.69181
11.97388
1

1619098696
57.69183
11.97390
1

1619098696
57.69183
11.97390
1

1619098697
57.69184
11.97391
1

1619098698
57.69186
11.97392
1

1619098698
57.69186
11.97392
1

1619098699
57.69188
11.97394
1

1619098699
57.69188
11.97394
1

1619098700
57.69189
11.97394
1

1619098700
57.69189
11.97394
1

1619098701
57.69190
11.97394
1

1619098701
57.69190
11.97394
1

1619098702
57.69191
11.97395
1

1619098703
57.69193
11.97396
1

1619098703
57.69193
11.97396
1

1619098703
57.69193
11.97396
1

1619098704
57.69194
11.97397
1

1619098705
57.69196
11.97398
1

1619098705
57.69196
11.97398
1

1619098706
57.69196
11.97401
1

1619098706
57.69196
11.97401
1

1619098707
57.69197
11.97404
1

1619098707
57.69197
11.97404
1

1619098708
57.69197
11.97407
1

1619098708
57.69197
11.97407
1

1619098709
57.69198
11.97410
1

1619098710
57.69198
11.97412
1

1619098710
57.69198
11.97412
1

1619098711
57.69198
11.97415
1

1619098711
57.69198
11.97415
1

1619098711
57.69198
11.97415
1

1619098712
57.69199
11.97418
1

1619098713
57.69199
11.97420
1

1619098713
57.69199
11.97420
1

1619098713
57.69199
11.97420
1

1619098714
57.69199
11.97423
1

1619098715
57.69200
11.97425
1

1619098715
57.69200
11.97425
1

1619098716
57.69201
11.97428
1

1619098716
57.69201
11.97428
1

1619098717
57.69201
11.97431
1

1619098717
57.69201
11.97431
1

1619098718
57.69202
11.97434
1

1619098718
57.69202
11.97434
1

1619098719
57.69203
11.97437
1

1619098720
57.69203
11.97439
1

1619098720
57.69203
11.97439
1

1619098720
57.69203
11.97439
1

1619098721
57.69204
11.97441
1

1619098721
57.69204
11.97441
1

1619098722
57.69204
11.97443
1

1619098723
57.69205
11.97444
1

1619098723
57.69205
11.97444
1

1619098724
57.69205
11.97445
1

1619098724
57.69205
11.97445
1

1619098725
57.69205
11.97447
1

1619098725
57.69205
11.97447
1

1619098726
57.69206
11.97449
1

1619098726
57.69206
11.97449
1

1619098727
57.69207
11.97453
1

1619098727
57.69207
11.97453
1

1619098728
57.69209
11.97456
1

1619098728
57.69209
11.97456
1

1619098729
57.69210
11.97459
1

1619098730
57.69212
11.97462
1

1619098730
57.69212
11.97462
1

1619098731
57.69213
11.97466
1

1619098731
57.69213
11.97466
3

1619098732
57.69214
11.97468
3

1619098732
57.69214
11.97468
3

1619098733
57.69215
11.97471
3

1619098733
57.69215
11.97471
3

1619098734
57.69217
11.97474
3

1619098734
57.69217
11.97474
3

1619098735
57.69217
11.97477
3
L

1619098736
57.69218
11.97480
3

1619098736
57.69218
11.97480
3

1619098737
57.69219
11.97484
3

1619098737
57.69219
11.97484
3

1619098738
57.69219
11.97486
3

1619098738
57.69219
11.97486
3

1619098739
57.69218
11.97487
3

1619098739
57.69218
11.97487
3

1619098740
57.69218
11.97489
3

1619098740
57.69218
11.97489
3

1619098741
57.69218
11.97491
3

1619098742
57.69217
11.97491
3

1619098742
57.69217
11.97491
3

1619098743
57.69217
11.97493
3

1619098743
57.69217
11.97493
3

1619098744
57.69216
11.97495
3

1619098744
57.69216
11.97495
3

1619098745
57.69215
11.97499
3

1619098745
57.69215
11.97499
3

1619098746
57.69215
11.97501
3

1619098747
57.69216
11.97501
3

1619098747
57.69216
11.97501
3
R

1619098748
57.69216
11.97505
3

1619098748
57.69216
11.97505
3

1619098749
57.69217
11.97507
3

1619098749
57.69217
11.97507
3

1619098750
57.69216
11.97511
3

1619098751
57.69216
11.97514
3

1619098751
57.69216
11.97514
3

1619098752
57.69217
11.97518
3

1619098752
57.69217
11.97518
3

1619098753
57.69217
11.97522
3

1619098753
57.69217
11.97522
3

1619098754
57.69218
11.97525
3

1619098755
57.69220
11.97528
3

1619098755
57.69220
11.97528
3

1619098756
57.69221
11.97531
3

1619098756
57.69221
11.97531
3

1619098757
57.69222
11.97534
3

1619098757
57.69222
11.97534
3

1619098758
57.69223
11.97537
3

1619098758
57.69223
11.97537
3

1619098759
57.69225
11.97540
3
L

1619098760
57.69227
11.97542
3

1619098760
57.69227
11.97542
3

1619098761
57.69228
11.97545
1

1619098761
57.69228
11.97545
1

1619098762
57.69229
11.97548
1

1619098762
57.69229
11.97548
1

1619098763
57.69230
11.97551
1

1619098764
57.69232
11.97554
1

1619098764
57.69232
11.97554
1

1619098765
57.69233
11.97557
1

1619098765
57.69233
11.97557
1

1619098766
57.69234
11.97560
1

1619098766
57.69234
11.97560
1

1619098767
57.69235
11.97562
1

1619098768
57.69235
11.97565
1

1619098768
57.69235
11.97565
1

1619098769
57.69236
11.97567
1

1619098769
57.69236
11.97567
1

1619098770
57.69236
11.97569
1

1619098771
57.69237
11.97572
1

1619098771
57.69237
11.97572
1

1619098772
57.69238
11.97574
1

1619098772
57.69238
11.97574
1

1619098773
57.69239
11.97576
1

1619098773
57.69239
11.97576
1

1619098774
57.69240
11.97579
1

1619098775
57.69241
11.97581
1

1619098775
57.69241
11.97581
1

1619098776
57.69241
11.97583
1

1619098776
57.69241
11.97583
1

1619098777
57.69242
11.97586
1

1619098777
57.69242
11.97586
1

1619098778
57.69242
11.97589
1

1619098778
57.69242
11.97589
1

1619098779
57.69243
11.97591
1

1619098780
57.69244
11.97595
1

1619098780
57.69244
11.97595
1

1619098781
57.69247
11.97597
1

1619098781
57.69247
11.97597
1

1619098782
57.69249
11.97601
1

1619098782
57.69249
11.97601
1

1619098783
57.69251
11.97605
1

1619098784
57.69252
11.97608
1
L

1619098784
57.69252
11.97608
1

1619098785
57.69254
11.97612
1

1619098785
57.69254
11.97612
1

1619098786
57.69254
11.97614
1

1619098787
57.69255
11.97616
1

1619098787
57.69255
11.97616
1

1619098788
57.69255
11.97618
1

1619098788
57.69255
11.97618
1

1619098789
57.69256
11.97620
1

1619098789
57.69256
11.97620
1

1619098790
57.69256
11.97622
1

1619098791
57.69256
11.97624
1
R

1619098791
57.69256
11.97624
1

1619098792
57.69257
11.97625
1

1619098792
57.69257
11.97625
1

1619098793
57.69257
11.97628
1

1619098793
57.69257
11.97628
1

1619098794
57.69258
11.97632
1

1619098795
57.69258
11.97636
1

1619098795
57.69258
11.97636
1

1619098796
57.69258
11.97639
1

1619098796
57.69258
11.97639
1

1619098797
57.69259
11.97643
1

1619098797
57.69259
11.97643
1

1619098798
57.69260
11.97647
1

1619098799
57.69260
11.97651
1

1619098799
57.69260
11.97651
1
L

1619098800
57.69261
11.97654
1

1619098800
57.69261
11.97654
1

1619098801
57.69262
11.97658
1

1619098801
57.69262
11.97658
1

1619098802
57.69263
11.97661
1

1619098803
57.69263
11.97664
1

1619098803
57.69263
11.97664
1

1619098804
57.69264
11.97667
1

1619098804
57.69264
11.97667
1

1619098805
57.69264
11.97670
1

1619098805
57.69264
11.97670
1

1619098806
57.69265
11.97674
1

1619098807
57.69265
11.97677
1

1619098807
57.69265
11.97677
1

1619098808
57.69267
11.97680
1

1619098808
57.69267
11.97680
1
L

1619098809
57.69267
11.97683
1

1619098810
57.69268
11.97686
1
R

1619098810
57.69268
11.97686
1

1619098811
57.69269
11.97689
1

1619098811
57.69269
11.97689
1

1619098812
57.69270
11.97692
1

1619098812
57.69270
11.97692
1

1619098813
57.69271
11.97695
1

1619098813
57.69271
11.97695
1

1619098814
57.69271
11.97698
1

1619098815
57.69271
11.97700
1

1619098815
57.69271
11.97700
1

1619098816
57.69270
11.97702
1

1619098816
57.69270
11.97702
1

1619098817
57.69270
11.97704
1

1619098817
57.69270
11.97704
1

1619098818
57.69270
11.97705
1

1619098819
57.69269
11.97706
1

1619098819
57.69269
11.97706
1

1619098820
57.69268
11.97708
1

1619098820
57.69268
11.97708
1

1619098821
57.69268
11.97709
1

1619098821
57.69268
11.97709
1

1619098822
57.69267
11.97710
1

1619098822
57.69267
11.97710
1

1619098823
57.69266
11.97711
1

1619098824
57.69264
11.97712
1

1619098824
57.69264
11.97712
1

1619098825
57.69262
11.97713
1

1619098825
57.69262
11.97713
1

1619098826
57.69260
11.97713
1

1619098826
57.69260
11.97713
1

1619098827
57.69259
11.97713
1

1619098828
57.69258
11.97713
1
R

1619098828
57.69258
11.97713
1

1619098829
57.69256
11.97713
1

1619098829
57.69256
11.97713
1

1619098830
57.69254
11.97713
1

1619098830
57.69254
11.97713
1

1619098831
57.69252
11.97714
1

1619098832
57.69250
11.97714
1

1619098832
57.69250
11.97714
1

1619098833
57.69249
11.97715
1

1619098833
57.69249
11.97715
1

1619098834
57.69248
11.97716
1

1619098835
57.69246
11.97717
1

1619098835
57.69246
11.97717
1

1619098836
57.69244
11.97717
1

1619098836
57.69244
11.97717
1

1619098837
57.69242
11.97718
1

1619098837
57.69242
11.97718
1

1619098838
57.69240
11.97719
1

1619098839
57.69239
11.97720
1
L

1619098839
57.69239
11.97720
1

1619098840
57.69238
11.97721
1

1619098840
57.69238
11.97721
1

1619098841
57.69235
11.97722
1

1619098841
57.69235
11.97722
1

1619098842
57.69233
11.97724
1

1619098843
57.69231
11.97726
1

1619098843
57.69231
11.97726
1

1619098844
57.69230
11.97727
1

1619098844
57.69230
11.97727
1

1619098845
57.69228
11.97729
1

1619098846
57.69227
11.97730
1
R

1619098846
57.69227
11.97730
1

1619098847
57.69226
11.97731
1

1619098847
57.69226
11.97731
1

1619098848
57.69225
11.97732
1

1619098849
57.69223
11.97734
1

1619098849
57.69223
11.97734
1

1619098850
57.69222
11.97736
1

1619098850
57.69222
11.97736
1

1619098851
57.69221
11.97736
1

1619098852
57.69220
11.97738
1

1619098852
57.69220
11.97738
1

1619098853
57.69219
11.97739
1

1619098853
57.69219
11.97739
1

1619098854
57.69217
11.97740
1

1619098854
57.69217
11.97740
1

1619098855
57.69216
11.97742
1

1619098856
57.69214
11.97743
1

1619098856
57.69214
11.97743
1

1619098857
57.69213
11.97744
1

1619098858
57.69212
11.97746
1

1619098858
57.69212
11.97746
1

1619098859
57.69209
11.97748
1

1619098859
57.69209
11.97748
1

1619098860
57.69207
11.97749
1

1619098860
57.69207
11.97749
1

1619098861
57.69205
11.97751
1

1619098862
57.69204
11.97754
1

1619098862
57.69204
11.97754
1

1619098863
57.69202
11.97756
1

1619098863
57.69202
11.97756
1

1619098864
57.69200
11.97758
1

1619098864
57.69200
11.97758
1

1619098865
57.69197
11.97760
1

1619098866
57.69195
11.97762
1

1619098866
57.69195
11.97762
1

1619098867
57.69193
11.97764
1

1619098867
57.69193
11.97764
1

1619098868
57.69190
11.97764
1

1619098868
57.69190
11.97764
1

1619098869
57.69188
11.97766
1

1619098869
57.69188
11.97766
1

1619098870
57.69186
11.97769
1

1619098870
57.69186
11.97769
1

1619098871
57.69182
11.97771
1

1619098872
57.69180
11.97772
1

1619098872
57.69180
11.97772
1
L

1619098873
57.69178
11.97773
1

1619098873
57.69178
11.97773
1

1619098874
57.69176
11.97777
1

1619098874
57.69176
11.97777
1

1619098875
57.69175
11.97779
1

1619098875
57.69175
11.97779
1

1619098876
57.69173
11.97781
1

1619098877
57.69172
11.97785
1

1619098877
57.69172
11.97785
1

1619098878
57.69171
11.97788
1

1619098878
57.69171
11.97788
1

1619098879
57.69170
11.97790
1

1619098879
57.69170
11.97790
1

1619098880
57.69168
11.97791
1

1619098881
57.69166
11.97794
1

1619098881
57.69166
11.97794
1

1619098882
57.69165
11.97797
1

1619098882
57.69165
11.97797
1

1619098883
57.69164
11.97798
1

1619098883
57.69164
11.97798
1
R

1619098884
57.69163
11.97801
1

1619098885
57.69162
11.97802
1

1619098885
57.69162
11.97802
1

1619098886
57.69160
11.97804
1

1619098886
57.69160
11.97804
1

1619098887
57.69159
11.97806
1

1619098887
57.69159
11.97806
1

1619098888
57.69158
11.97807
1

1619098888
57.69158
11.97807
1

1619098889
57.69156
11.97808
1

1619098890
57.69155
11.97810
1
L

1619098890
57.69155
11.97810
1

1619098891
57.69154
11.97812
1

1619098891
57.69154
11.97812
1

1619098892
57.69154
11.97814
1

1619098892
57.69154
11.97814
1

1619098893
57.69153
11.97816
1

1619098894
57.69152
11.97817
1

1619098894
57.69152
11.97817
1

1619098895
57.69150
11.97818
1

1619098896
57.69149
11.97819
1

1619098896
57.69149
11.97819
1

1619098897
57.69147
11.97820
1

1619098897
57.69147
11.97820
1

1619098898
57.69146
11.97822
1

1619098898
57.69146
11.97822
1

1619098899
57.69145
11.97824
1

1619098899
57.69145
11.97824
1

1619098900
57.69144
11.97827
1

1619098901
57.69144
11.97829
1

1619098901
57.69144
11.97829
1

1619098902
57.69143
11.97831
1
R

1619098902
57.69143
11.97831
1

1619098903
57.69142
11.97832
1

1619098904
57.69142
11.97834
1

1619098904
57.69142
11.97834
1

1619098904
57.69142
11.97834
1

1619098905
57.69140
11.97835
1

1619098906
57.69138
11.97836
1

1619098906
57.69138
11.97836
1

1619098907
57.69136
11.97836
1

1619098907
57.69136
11.97836
1

1619098908
57.69135
11.97837
1

1619098909
57.69133
11.97838
1

1619098909
57.69133
11.97838
1
L

1619098910
57.69132
11.97839
1

1619098910
57.69132
11.97839
1

1619098911
57.69131
11.97840
1

1619098911
57.69131
11.97840
1

1619098912
57.69130
11.97842
1

1619098912
57.69130
11.97842
1

1619098913
57.69129
11.97843
1

1619098914
57.69128
11.97845
1

1619098914
57.69128
11.97845
1

1619098915
57.69127
11.97846
1
R

1619098915
57.69127
11.97846
1

1619098916
57.69125
11.97847
1

1619098917
57.69123
11.97848
1

1619098917
57.69123
11.97848
1

1619098918
57.69122
11.97849
1

1619098918
57.69122
11.97849
1

1619098919
57.69120
11.97849
1

1619098920
57.69120
11.97850
1

1619098920
57.69120
11.97850
1

1619098921
57.69118
11.97851
1

1619098921
57.69118
11.97851
1

1619098922
57.69118
11.97853
1

1619098922
57.69118
11.97853
1

1619098923
57.69117
11.97854
1
L

1619098924
57.69116
11.97855
1

1619098924
57.69116
11.97855
1

1619098925
57.69115
11.97856
1

1619098925
57.69115
11.97856
1

1619098926
57.69114
11.97856
1

1619098927
57.69113
11.97856
1
R

1619098927
57.69113
11.97856
1

1619098928
57.69112
11.97857
1

1619098928
57.69112
11.97857
1

1619098929
57.69112
11.97859
1

1619098929
57.69112
11.97859
1

1619098930
57.69110
11.97859
1

1619098931
57.69109
11.97860
1

1619098931
57.69109
11.97860
1

1619098932
57.69108
11.97861
1

1619098933
57.69107
11.97862
1

1619098933
57.69107
11.97862
1

1619098934
57.69105
11.97862
1

1619098934
57.69105
11.97862
1

1619098935
57.69103
11.97862
1

1619098935
57.69103
11.97862
1

1619098936
57.69101
11.97864
1

1619098937
57.69100
11.97865
1

1619098937
57.69100
11.97865
1

1619098938
57.69098
11.97865
1

1619098938
57.69098
11.97865
1

1619098939
57.69097
11.97867
1

1619098939
57.69097
11.97867
1

1619098940
57.69096
11.97869
1

1619098941
57.69094
11.97870
1
L

1619098941
57.69094
11.97870
1

1619098942
57.69094
11.97872
1

1619098942
57.69094
11.97872
1

1619098943
57.69094
11.97875
1

1619098944
57.69094
11.97878
1

1619098944
57.69094
11.97878
1

1619098945
57.69094
11.97881
1

1619098946
57.69094
11.97883
1

1619098946
57.69094
11.97883
1

1619098947
57.69093
11.97885
1

1619098947
57.69093
11.97885
1

1619098948
57.69092
11.97887
1

1619098949
57.69091
11.97889
1

1619098949
57.69091
11.97889
1
R

1619098950
57.69089
11.97890
1

1619098950
57.69089
11.97890
1

1619098951
57.69088
11.97892
1

1619098951
57.69088
11.97892
1

